-275.6059875
106.9876938
60.5274849
-352.7871399
-485.5935364
244.9902802
-269.0411377
-426.2168274
-525.6646118
-797.2272949
-564.6493530
-775.2617188
-162.5728607
-523.6301270
-341.6806641
94.0188065
-290.2421265
245.4420471
269.0457764
-402.5554504
-903.1356812
50.4080391
216.2414093
-679.6543579
438.2449036
-148.0137024
-512.3444824
-296.0155334
-553.1871948
-20.6345177
534.9375000
373.6159058
-633.9479980
64.0446091
-26.8905849
-274.3342896
339.8013916
-184.6460876
858.7941284
-384.1216431
-728.5563965
-425.0804138
-259.1628723
-119.7137756
503.1586609
-466.6735535
825.8775024
-446.7091370
-562.7944336
-480.5259705
-318.7042542
-603.9466553
-159.5546265
-189.9327850
144.4066315
907.3723145
-517.0722046
428.8573608
-91.4280396
452.6185303
-405.6156921
-994.3379517
-861.7454224
-540.6676636
-317.7134399
-491.9697876
-143.3915558
524.5147705
477.3912048
15.6657887
-571.8758545
659.3376465
309.3288574
-672.7737427
221.2945557
-9.5166712
-965.8087769
-373.5137329
-139.6018524
283.5533142
125.0237122
-522.9062500
-426.9368896
-750.4339600
-445.9003296
-733.2404175
-864.9366455
320.2438660
-262.6345520
320.7999573
-418.7803650
789.6301880
-54.5009003
-522.0313721
-331.4982605
456.1672363
35.0635681
-225.1130066
-468.7973633
-267.9560242
679.0252075
425.1351624
-962.9906006
146.9823914
-594.7631226
-426.1859131
-297.1156006
-1198.8129883
-84.5204391
-759.2615356
-90.5720673
-283.4994202
293.9339600
-64.9497986
340.3998718
-628.8499146
-67.0401001
831.9076538
-132.1986847
-38.2283630
-809.1180420
-226.6647339
-564.1668091
-388.1174927
159.5739136
492.6416931
-197.4385681
-577.1414795
-62.5706596
-891.8214722
263.0545959
-216.6411743
857.3365479
-654.9110718
447.0368958
-270.8616943
-146.9359131
-173.2218628
-230.6914215
88.1430283
54.0426598
-557.4297485
148.1145325
35.0072098
-210.1706696
-521.0501099
-378.2041016
-307.8419495
-696.1528320
-141.3556366
-83.1317520
-816.8893433
512.0439453
-605.5556641
88.6652222
-409.9541321
-270.0902405
43.8400269
99.4228058
-185.6023712
-198.1415253
-862.3995361
609.3596802
0.2836393
-606.1747437
-201.1015167
208.5197144
-264.3211060
-669.3579102
-229.3730927
-827.4551392
-459.0703430
-130.2761841
-357.4934082
-231.7365265
-692.3488770
270.1972046
-200.4498596
-405.7164612
-257.0402222
-446.9200134
-198.8865356
-706.6033936
-237.1487579
-150.8345947
-525.8468018
-463.4792786
70.2937775
-27.1883297
-96.2377472
-806.4813232
232.0748596
-512.0010986
-241.9437103
-231.9923096
134.9565735
-654.4595947
908.6894531
-556.4009399
-25.1264820
-718.1145630
-144.7021179
-455.9335938
-1207.4973145
142.8945618
-407.1552734
-392.5041809
-133.4053802
-199.4256592
538.7910767
-99.1368408
-113.1829681
-588.3643188
-784.8867798
-315.9048462
-55.2619629
-531.3244019
-246.9192963
-850.7780151
137.2063751
-373.7714233
87.2569733
-295.3870544
-375.0979614
-78.4629669
-416.9740601
342.9179077
31.7510471
695.0720215
-15.7151842
-588.4586792
791.7374268
510.9691772
-149.8144989
608.5720215
-783.3519897
-662.2373047
-487.4578857
-542.1199951
418.6148987
-274.1054077
304.1558533
-595.3171387
-101.7040710
63.7276115
-643.3729858
-594.4951172
242.9649048
-339.6746216
-131.3857727
-15.4634695
-572.0682983
174.0614166
132.6464996
343.9724426
-311.0722961
499.5274963
400.9081726
-842.6876221
379.3814392
-344.6620178
-124.1364822
-466.4860840
671.3746948
-597.3210449
386.8850403
-288.4863281
395.0935669
-119.9362564
336.9220581
419.6455994
-362.7541504
322.6002808
-684.8084106
-449.3445435
-453.8872986
-180.1773529
145.1243286
-55.9934616
2.0995591
-213.9342194
-109.6434555
-629.5288696
-441.7311401
-381.0692444
-55.3466911
-664.2690430
-283.5596313
712.0817261
-487.1128235
-619.4091187
-615.8812256
307.6241760
164.2993927
-514.5186157
112.4955750
-164.0438995
304.2171021
395.0728455
-535.5198364
247.0512390
-568.7969971
-121.6091385
-461.0946350
606.2733154
-350.7781067
-507.3755493
27.6472721
-878.1412354
-395.7334595
-78.4346008
-575.7503662
-951.6428223
-325.4272461
968.9420166
-400.7877808
386.3595581
-115.8462830
-252.9309082
406.2476501
405.5922546
19.0856953
-328.4630127
-407.4294739
-280.3290405
-904.0665283
72.9415665
-35.8326073
-676.0897217
23.7215462
-937.4182129
75.0696793
253.2389069
-86.9030304
-671.6883545
-312.6399536
-585.0056152
-370.6290894
-100.7947693
-286.8283691
346.6619873
366.0401306
-363.7922363
-1160.9010010
38.3578415
-321.3874512
-292.6380005
-705.8936157
-224.5153198
-364.6286926
488.4548645
545.8021851
-481.5314026
-139.2336121
-34.6255798
156.0762787
-258.1036682
-222.7271576
-142.1068573
-618.1952515
-189.5128021
-210.1133423
-236.9919739
-179.1273346
782.8905640
-589.3761597
375.2492676
-193.6146851
-73.7126312
485.8709106
-568.6605225
-484.6359558
-462.8686523
655.6189575
-124.3716736
301.5821533
570.7603760
-406.6935120
-79.9843979
877.2917480
16.9022045
-149.3154755
-28.4634342
-692.3610840
333.4035339
164.6368408
-529.8406982
255.7882385
-99.1621017
1059.0198975
-1112.5361328
-841.9653320
-585.6124878
-853.4000854
-185.1972504
114.9970627
-327.8839111
-40.5989151
-54.4142227
-171.2575836
545.7204590
261.7049866
-69.8749313
-228.9634705
654.5654297
-420.0122375
-128.0280609
-534.2456665
54.1909790
31.8926640
748.2108765
430.4169006
949.8412476
207.2136841
-270.9359741
453.0821228
258.9758911
-313.2573242
-778.2874756
-997.9544678
555.0147095
263.9113464
-555.0815430
-240.4238586
-244.5282898
-151.7314453
-780.4259033
-87.1325150
-650.6322021
175.2340851
95.2772980
-269.1047363
-297.2350159
164.3020630
327.8791504
-405.4252319
446.5009155
453.3631897
-403.3624573
-580.7360840
-292.0173950
-583.0849609
-843.3556519
-276.6096497
-516.4550171
-755.1822510
323.5390320
116.9041290
479.4099121
28.2818565
1191.9970703
-348.0809326
-524.7739258
507.3861084
-196.2318115
-226.9736633
359.3986511
-35.6447983
-387.0931702
110.8926239
-71.0303192
401.8242493
-359.3399353
-627.5703735
-530.4740601
-406.9465027
-96.8711548
-586.2222900
245.8284760
-401.8348389
-241.4857635
59.1306381
212.3169403
-819.5352173
137.7187195
-930.9810791
-0.5222519
-492.6553650
-447.9447937
414.8208008
-320.0060730
-422.5604553
362.5814514
-116.6808624
-493.3023987
-205.5347290
-1144.4522705
-516.3756714
-467.9672241
-16.0383625
-367.2994690
-108.8169785
-91.3042526
-1087.0666504
98.8384323
-208.0559692
-648.3283691
-1557.5198975
793.1115112
-445.6770020
-975.5756836
-170.1755676
-534.6070557
71.1083374
-355.6324463
296.3266907
-317.4924011
-285.2160645
-369.2178955
-78.6086578
-1146.6702881
769.4980469
